2025/07/21-12:22:37.876285 11a8 RocksDB version: 7.10.2
2025/07/21-12:22:37.876331 11a8 Git sha 3258b5c3e2488464de0827343c8c27bc6499765e
2025/07/21-12:22:37.876347 11a8 Compile date 2023-03-02 18:27:12
2025/07/21-12:22:37.876360 11a8 DB SUMMARY
2025/07/21-12:22:37.876372 11a8 DB Session ID:  9MS7YX1MUWHJ3FGEEUBL
2025/07/21-12:22:37.877432 11a8 CURRENT file:  CURRENT
2025/07/21-12:22:37.877447 11a8 IDENTITY file:  IDENTITY
2025/07/21-12:22:37.877513 11a8 MANIFEST file:  MANIFEST-000115 size: 1933 Bytes
2025/07/21-12:22:37.877529 11a8 SST files in rocksDb/popCoin.db/blockChain1.db/ dir, Total Num: 6, files: 000026.sst 000063.sst 000064.sst 000065.sst 000066.sst 000081.sst 
2025/07/21-12:22:37.877544 11a8 Write Ahead Log file in rocksDb/popCoin.db/blockChain1.db/: 000082.log size: 0 ; 000086.log size: 0 ; 000090.log size: 0 ; 000094.log size: 0 ; 000098.log size: 0 ; 000102.log size: 0 ; 000106.log size: 0 ; 000110.log size: 0 ; 000114.log size: 0 ; 
2025/07/21-12:22:37.878149 11a8                         Options.error_if_exists: 0
2025/07/21-12:22:37.878159 11a8                       Options.create_if_missing: 1
2025/07/21-12:22:37.878165 11a8                         Options.paranoid_checks: 1
2025/07/21-12:22:37.878170 11a8             Options.flush_verify_memtable_count: 1
2025/07/21-12:22:37.878176 11a8                               Options.track_and_verify_wals_in_manifest: 0
2025/07/21-12:22:37.878181 11a8        Options.verify_sst_unique_id_in_manifest: 1
2025/07/21-12:22:37.878186 11a8                                     Options.env: 0000022E572F12F0
2025/07/21-12:22:37.878192 11a8                                      Options.fs: WinFS
2025/07/21-12:22:37.878197 11a8                                Options.info_log: 0000022E575BA360
2025/07/21-12:22:37.878203 11a8                Options.max_file_opening_threads: 16
2025/07/21-12:22:37.878208 11a8                              Options.statistics: 0000000000000000
2025/07/21-12:22:37.878213 11a8                               Options.use_fsync: 0
2025/07/21-12:22:37.878218 11a8                       Options.max_log_file_size: 1048576
2025/07/21-12:22:37.878224 11a8                  Options.max_manifest_file_size: 1073741824
2025/07/21-12:22:37.878229 11a8                   Options.log_file_time_to_roll: 0
2025/07/21-12:22:37.878234 11a8                       Options.keep_log_file_num: 2
2025/07/21-12:22:37.878239 11a8                    Options.recycle_log_file_num: 0
2025/07/21-12:22:37.878244 11a8                         Options.allow_fallocate: 1
2025/07/21-12:22:37.878249 11a8                        Options.allow_mmap_reads: 0
2025/07/21-12:22:37.878254 11a8                       Options.allow_mmap_writes: 0
2025/07/21-12:22:37.878259 11a8                        Options.use_direct_reads: 0
2025/07/21-12:22:37.878264 11a8                        Options.use_direct_io_for_flush_and_compaction: 0
2025/07/21-12:22:37.878270 11a8          Options.create_missing_column_families: 1
2025/07/21-12:22:37.878275 11a8                              Options.db_log_dir: rocksDb/popCoin.db/blockChain1.db/rocksdb_logs/
2025/07/21-12:22:37.878281 11a8                                 Options.wal_dir: 
2025/07/21-12:22:37.878286 11a8                Options.table_cache_numshardbits: 6
2025/07/21-12:22:37.878291 11a8                         Options.WAL_ttl_seconds: 0
2025/07/21-12:22:37.878296 11a8                       Options.WAL_size_limit_MB: 0
2025/07/21-12:22:37.878302 11a8                        Options.max_write_batch_group_size_bytes: 1048576
2025/07/21-12:22:37.878307 11a8             Options.manifest_preallocation_size: 4194304
2025/07/21-12:22:37.878312 11a8                     Options.is_fd_close_on_exec: 1
2025/07/21-12:22:37.878317 11a8                   Options.advise_random_on_open: 1
2025/07/21-12:22:37.878322 11a8                    Options.db_write_buffer_size: 0
2025/07/21-12:22:37.878327 11a8                    Options.write_buffer_manager: 0000022E57BCB9A0
2025/07/21-12:22:37.878332 11a8         Options.access_hint_on_compaction_start: 1
2025/07/21-12:22:37.878337 11a8           Options.random_access_max_buffer_size: 1048576
2025/07/21-12:22:37.878360 11a8                      Options.use_adaptive_mutex: 0
2025/07/21-12:22:37.878366 11a8                            Options.rate_limiter: 0000000000000000
2025/07/21-12:22:37.878372 11a8     Options.sst_file_manager.rate_bytes_per_sec: 0
2025/07/21-12:22:37.878377 11a8                       Options.wal_recovery_mode: 2
2025/07/21-12:22:37.878382 11a8                  Options.enable_thread_tracking: 0
2025/07/21-12:22:37.878387 11a8                  Options.enable_pipelined_write: 0
2025/07/21-12:22:37.878393 11a8                  Options.unordered_write: 0
2025/07/21-12:22:37.878398 11a8         Options.allow_concurrent_memtable_write: 1
2025/07/21-12:22:37.878403 11a8      Options.enable_write_thread_adaptive_yield: 1
2025/07/21-12:22:37.878408 11a8             Options.write_thread_max_yield_usec: 100
2025/07/21-12:22:37.878413 11a8            Options.write_thread_slow_yield_usec: 3
2025/07/21-12:22:37.878418 11a8                               Options.row_cache: None
2025/07/21-12:22:37.878424 11a8                              Options.wal_filter: None
2025/07/21-12:22:37.878429 11a8             Options.avoid_flush_during_recovery: 0
2025/07/21-12:22:37.878434 11a8             Options.allow_ingest_behind: 0
2025/07/21-12:22:37.878439 11a8             Options.two_write_queues: 0
2025/07/21-12:22:37.878444 11a8             Options.manual_wal_flush: 0
2025/07/21-12:22:37.878449 11a8             Options.wal_compression: 0
2025/07/21-12:22:37.878454 11a8             Options.atomic_flush: 0
2025/07/21-12:22:37.878459 11a8             Options.avoid_unnecessary_blocking_io: 0
2025/07/21-12:22:37.878464 11a8                 Options.persist_stats_to_disk: 0
2025/07/21-12:22:37.878469 11a8                 Options.write_dbid_to_manifest: 0
2025/07/21-12:22:37.878475 11a8                 Options.log_readahead_size: 0
2025/07/21-12:22:37.878480 11a8                 Options.file_checksum_gen_factory: Unknown
2025/07/21-12:22:37.878485 11a8                 Options.best_efforts_recovery: 0
2025/07/21-12:22:37.878490 11a8                Options.max_bgerror_resume_count: 2147483647
2025/07/21-12:22:37.878495 11a8            Options.bgerror_resume_retry_interval: 1000000
2025/07/21-12:22:37.878500 11a8             Options.allow_data_in_errors: 0
2025/07/21-12:22:37.878506 11a8             Options.db_host_id: __hostname__
2025/07/21-12:22:37.878511 11a8             Options.enforce_single_del_contracts: true
2025/07/21-12:22:37.878516 11a8             Options.max_background_jobs: 2
2025/07/21-12:22:37.878521 11a8             Options.max_background_compactions: -1
2025/07/21-12:22:37.878526 11a8             Options.max_subcompactions: 1
2025/07/21-12:22:37.878531 11a8             Options.avoid_flush_during_shutdown: 0
2025/07/21-12:22:37.878537 11a8           Options.writable_file_max_buffer_size: 1048576
2025/07/21-12:22:37.878542 11a8             Options.delayed_write_rate : 16777216
2025/07/21-12:22:37.878547 11a8             Options.max_total_wal_size: 0
2025/07/21-12:22:37.878552 11a8             Options.delete_obsolete_files_period_micros: 21600000000
2025/07/21-12:22:37.878557 11a8                   Options.stats_dump_period_sec: 600
2025/07/21-12:22:37.878562 11a8                 Options.stats_persist_period_sec: 600
2025/07/21-12:22:37.878568 11a8                 Options.stats_history_buffer_size: 1048576
2025/07/21-12:22:37.878573 11a8                          Options.max_open_files: -1
2025/07/21-12:22:37.878578 11a8                          Options.bytes_per_sync: 0
2025/07/21-12:22:37.878583 11a8                      Options.wal_bytes_per_sync: 0
2025/07/21-12:22:37.878588 11a8                   Options.strict_bytes_per_sync: 0
2025/07/21-12:22:37.878593 11a8       Options.compaction_readahead_size: 0
2025/07/21-12:22:37.878598 11a8                  Options.max_background_flushes: -1
2025/07/21-12:22:37.878608 11a8 Compression algorithms supported:
2025/07/21-12:22:37.878614 11a8 	kZSTD supported: 1
2025/07/21-12:22:37.878619 11a8 	kSnappyCompression supported: 1
2025/07/21-12:22:37.878637 11a8 	kBZip2Compression supported: 0
2025/07/21-12:22:37.878642 11a8 	kZlibCompression supported: 1
2025/07/21-12:22:37.878647 11a8 	kLZ4Compression supported: 1
2025/07/21-12:22:37.878652 11a8 	kXpressCompression supported: 0
2025/07/21-12:22:37.878657 11a8 	kLZ4HCCompression supported: 1
2025/07/21-12:22:37.878662 11a8 	kZSTDNotFinalCompression supported: 1
2025/07/21-12:22:37.878669 11a8 Fast CRC32 supported: Supported on x86
2025/07/21-12:22:37.878675 11a8 DMutex implementation: std::mutex
2025/07/21-12:22:37.879581 11a8               Options.comparator: leveldb.BytewiseComparator
2025/07/21-12:22:37.879591 11a8           Options.merge_operator: None
2025/07/21-12:22:37.879596 11a8        Options.compaction_filter: None
2025/07/21-12:22:37.879601 11a8        Options.compaction_filter_factory: None
2025/07/21-12:22:37.879606 11a8  Options.sst_partitioner_factory: None
2025/07/21-12:22:37.879611 11a8         Options.memtable_factory: SkipListFactory
2025/07/21-12:22:37.879616 11a8            Options.table_factory: BlockBasedTable
2025/07/21-12:22:37.879642 11a8            table_factory options:   flush_block_policy_factory: FlushBlockBySizePolicyFactory (0000022E57BB8540)
  cache_index_and_filter_blocks: 0
  cache_index_and_filter_blocks_with_high_priority: 1
  pin_l0_filter_and_index_blocks_in_cache: 0
  pin_top_level_index_and_filter: 1
  index_type: 0
  data_block_index_type: 0
  index_shortening: 1
  data_block_hash_table_util_ratio: 0.750000
  checksum: 4
  no_block_cache: 0
  block_cache: 0000022E578F4520
  block_cache_name: LRUCache
  block_cache_options:
    capacity : 8388608
    num_shard_bits : 4
    strict_capacity_limit : 0
    memory_allocator : None
    high_pri_pool_ratio: 0.000
    low_pri_pool_ratio: 0.000
  block_cache_compressed: 0000000000000000
  persistent_cache: 0000000000000000
  block_size: 4096
  block_size_deviation: 10
  block_restart_interval: 16
  index_block_restart_interval: 1
  metadata_block_size: 4096
  partition_filters: 0
  use_delta_encoding: 1
  filter_policy: nullptr
  whole_key_filtering: 1
  verify_compression: 0
  read_amp_bytes_per_bit: 0
  format_version: 5
  enable_index_compression: 1
  block_align: 0
  max_auto_readahead_size: 262144
  prepopulate_block_cache: 0
  initial_auto_readahead_size: 8192
  num_file_reads_for_auto_readahead: 2
2025/07/21-12:22:37.879648 11a8        Options.write_buffer_size: 67108864
2025/07/21-12:22:37.879653 11a8  Options.max_write_buffer_number: 2
2025/07/21-12:22:37.879659 11a8          Options.compression: Snappy
2025/07/21-12:22:37.879664 11a8                  Options.bottommost_compression: Disabled
2025/07/21-12:22:37.879669 11a8       Options.prefix_extractor: nullptr
2025/07/21-12:22:37.879674 11a8   Options.memtable_insert_with_hint_prefix_extractor: nullptr
2025/07/21-12:22:37.879679 11a8             Options.num_levels: 7
2025/07/21-12:22:37.879684 11a8        Options.min_write_buffer_number_to_merge: 1
2025/07/21-12:22:37.879689 11a8     Options.max_write_buffer_number_to_maintain: 0
2025/07/21-12:22:37.879695 11a8     Options.max_write_buffer_size_to_maintain: 0
2025/07/21-12:22:37.879700 11a8            Options.bottommost_compression_opts.window_bits: -14
2025/07/21-12:22:37.879705 11a8                  Options.bottommost_compression_opts.level: 32767
2025/07/21-12:22:37.879710 11a8               Options.bottommost_compression_opts.strategy: 0
2025/07/21-12:22:37.879715 11a8         Options.bottommost_compression_opts.max_dict_bytes: 0
2025/07/21-12:22:37.879720 11a8         Options.bottommost_compression_opts.zstd_max_train_bytes: 0
2025/07/21-12:22:37.879726 11a8         Options.bottommost_compression_opts.parallel_threads: 1
2025/07/21-12:22:37.879731 11a8                  Options.bottommost_compression_opts.enabled: false
2025/07/21-12:22:37.879736 11a8         Options.bottommost_compression_opts.max_dict_buffer_bytes: 0
2025/07/21-12:22:37.879741 11a8         Options.bottommost_compression_opts.use_zstd_dict_trainer: true
2025/07/21-12:22:37.879746 11a8            Options.compression_opts.window_bits: -14
2025/07/21-12:22:37.879752 11a8                  Options.compression_opts.level: 32767
2025/07/21-12:22:37.879759 11a8               Options.compression_opts.strategy: 0
2025/07/21-12:22:37.879764 11a8         Options.compression_opts.max_dict_bytes: 0
2025/07/21-12:22:37.879769 11a8         Options.compression_opts.zstd_max_train_bytes: 0
2025/07/21-12:22:37.879774 11a8         Options.compression_opts.use_zstd_dict_trainer: true
2025/07/21-12:22:37.879779 11a8         Options.compression_opts.parallel_threads: 1
2025/07/21-12:22:37.879785 11a8                  Options.compression_opts.enabled: false
2025/07/21-12:22:37.879790 11a8         Options.compression_opts.max_dict_buffer_bytes: 0
2025/07/21-12:22:37.879795 11a8      Options.level0_file_num_compaction_trigger: 4
2025/07/21-12:22:37.879800 11a8          Options.level0_slowdown_writes_trigger: 20
2025/07/21-12:22:37.879817 11a8              Options.level0_stop_writes_trigger: 36
2025/07/21-12:22:37.879823 11a8                   Options.target_file_size_base: 67108864
2025/07/21-12:22:37.879828 11a8             Options.target_file_size_multiplier: 1
2025/07/21-12:22:37.879833 11a8                Options.max_bytes_for_level_base: 268435456
2025/07/21-12:22:37.879838 11a8 Options.level_compaction_dynamic_level_bytes: 0
2025/07/21-12:22:37.879845 11a8          Options.max_bytes_for_level_multiplier: 10.000000
2025/07/21-12:22:37.879850 11a8 Options.max_bytes_for_level_multiplier_addtl[0]: 1
2025/07/21-12:22:37.879857 11a8 Options.max_bytes_for_level_multiplier_addtl[1]: 1
2025/07/21-12:22:37.879863 11a8 Options.max_bytes_for_level_multiplier_addtl[2]: 1
2025/07/21-12:22:37.879868 11a8 Options.max_bytes_for_level_multiplier_addtl[3]: 1
2025/07/21-12:22:37.879873 11a8 Options.max_bytes_for_level_multiplier_addtl[4]: 1
2025/07/21-12:22:37.879878 11a8 Options.max_bytes_for_level_multiplier_addtl[5]: 1
2025/07/21-12:22:37.879883 11a8 Options.max_bytes_for_level_multiplier_addtl[6]: 1
2025/07/21-12:22:37.879889 11a8       Options.max_sequential_skip_in_iterations: 8
2025/07/21-12:22:37.879894 11a8                    Options.max_compaction_bytes: 1677721600
2025/07/21-12:22:37.879899 11a8   Options.ignore_max_compaction_bytes_for_input: true
2025/07/21-12:22:37.879904 11a8                        Options.arena_block_size: 1048576
2025/07/21-12:22:37.879909 11a8   Options.soft_pending_compaction_bytes_limit: 68719476736
2025/07/21-12:22:37.879915 11a8   Options.hard_pending_compaction_bytes_limit: 274877906944
2025/07/21-12:22:37.879920 11a8                Options.disable_auto_compactions: 0
2025/07/21-12:22:37.879925 11a8                        Options.compaction_style: kCompactionStyleLevel
2025/07/21-12:22:37.879931 11a8                          Options.compaction_pri: kMinOverlappingRatio
2025/07/21-12:22:37.879936 11a8 Options.compaction_options_universal.size_ratio: 1
2025/07/21-12:22:37.879941 11a8 Options.compaction_options_universal.min_merge_width: 2
2025/07/21-12:22:37.879946 11a8 Options.compaction_options_universal.max_merge_width: 4294967295
2025/07/21-12:22:37.879952 11a8 Options.compaction_options_universal.max_size_amplification_percent: 200
2025/07/21-12:22:37.879957 11a8 Options.compaction_options_universal.compression_size_percent: -1
2025/07/21-12:22:37.879962 11a8 Options.compaction_options_universal.stop_style: kCompactionStopStyleTotalSize
2025/07/21-12:22:37.879967 11a8 Options.compaction_options_fifo.max_table_files_size: 1073741824
2025/07/21-12:22:37.879973 11a8 Options.compaction_options_fifo.allow_compaction: 0
2025/07/21-12:22:37.879979 11a8                   Options.table_properties_collectors: 
2025/07/21-12:22:37.879987 11a8                   Options.inplace_update_support: 0
2025/07/21-12:22:37.879992 11a8                 Options.inplace_update_num_locks: 10000
2025/07/21-12:22:37.879999 11a8               Options.memtable_prefix_bloom_size_ratio: 0.000000
2025/07/21-12:22:37.880004 11a8               Options.memtable_whole_key_filtering: 0
2025/07/21-12:22:37.880010 11a8   Options.memtable_huge_page_size: 0
2025/07/21-12:22:37.880015 11a8                           Options.bloom_locality: 0
2025/07/21-12:22:37.880040 11a8                    Options.max_successive_merges: 0
2025/07/21-12:22:37.880046 11a8                Options.optimize_filters_for_hits: 0
2025/07/21-12:22:37.880051 11a8                Options.paranoid_file_checks: 0
2025/07/21-12:22:37.880057 11a8                Options.force_consistency_checks: 1
2025/07/21-12:22:37.880062 11a8                Options.report_bg_io_stats: 0
2025/07/21-12:22:37.880067 11a8                               Options.ttl: 2592000
2025/07/21-12:22:37.880072 11a8          Options.periodic_compaction_seconds: 0
2025/07/21-12:22:37.880077 11a8  Options.preclude_last_level_data_seconds: 0
2025/07/21-12:22:37.880082 11a8    Options.preserve_internal_time_seconds: 0
2025/07/21-12:22:37.880087 11a8                       Options.enable_blob_files: false
2025/07/21-12:22:37.880093 11a8                           Options.min_blob_size: 0
2025/07/21-12:22:37.880098 11a8                          Options.blob_file_size: 268435456
2025/07/21-12:22:37.880103 11a8                   Options.blob_compression_type: NoCompression
2025/07/21-12:22:37.880108 11a8          Options.enable_blob_garbage_collection: false
2025/07/21-12:22:37.880114 11a8      Options.blob_garbage_collection_age_cutoff: 0.250000
2025/07/21-12:22:37.880119 11a8 Options.blob_garbage_collection_force_threshold: 1.000000
2025/07/21-12:22:37.880125 11a8          Options.blob_compaction_readahead_size: 0
2025/07/21-12:22:37.880130 11a8                Options.blob_file_starting_level: 0
2025/07/21-12:22:37.880135 11a8 Options.experimental_mempurge_threshold: 0.000000
2025/07/21-12:22:37.880256 11a8               Options.comparator: leveldb.BytewiseComparator
2025/07/21-12:22:37.880262 11a8           Options.merge_operator: None
2025/07/21-12:22:37.880267 11a8        Options.compaction_filter: None
2025/07/21-12:22:37.880272 11a8        Options.compaction_filter_factory: None
2025/07/21-12:22:37.880277 11a8  Options.sst_partitioner_factory: None
2025/07/21-12:22:37.880282 11a8         Options.memtable_factory: SkipListFactory
2025/07/21-12:22:37.880287 11a8            Options.table_factory: BlockBasedTable
2025/07/21-12:22:37.880302 11a8            table_factory options:   flush_block_policy_factory: FlushBlockBySizePolicyFactory (0000022E57BB85D0)
  cache_index_and_filter_blocks: 0
  cache_index_and_filter_blocks_with_high_priority: 1
  pin_l0_filter_and_index_blocks_in_cache: 0
  pin_top_level_index_and_filter: 1
  index_type: 0
  data_block_index_type: 0
  index_shortening: 1
  data_block_hash_table_util_ratio: 0.750000
  checksum: 4
  no_block_cache: 0
  block_cache: 0000022E578F48E0
  block_cache_name: LRUCache
  block_cache_options:
    capacity : 8388608
    num_shard_bits : 4
    strict_capacity_limit : 0
    memory_allocator : None
    high_pri_pool_ratio: 0.000
    low_pri_pool_ratio: 0.000
  block_cache_compressed: 0000000000000000
  persistent_cache: 0000000000000000
  block_size: 4096
  block_size_deviation: 10
  block_restart_interval: 16
  index_block_restart_interval: 1
  metadata_block_size: 4096
  partition_filters: 0
  use_delta_encoding: 1
  filter_policy: nullptr
  whole_key_filtering: 1
  verify_compression: 0
  read_amp_bytes_per_bit: 0
  format_version: 5
  enable_index_compression: 1
  block_align: 0
  max_auto_readahead_size: 262144
  prepopulate_block_cache: 0
  initial_auto_readahead_size: 8192
  num_file_reads_for_auto_readahead: 2
2025/07/21-12:22:37.880308 11a8        Options.write_buffer_size: 67108864
2025/07/21-12:22:37.880313 11a8  Options.max_write_buffer_number: 2
2025/07/21-12:22:37.880318 11a8          Options.compression: Snappy
2025/07/21-12:22:37.880323 11a8                  Options.bottommost_compression: Disabled
2025/07/21-12:22:37.880328 11a8       Options.prefix_extractor: nullptr
2025/07/21-12:22:37.880333 11a8   Options.memtable_insert_with_hint_prefix_extractor: nullptr
2025/07/21-12:22:37.880338 11a8             Options.num_levels: 7
2025/07/21-12:22:37.880343 11a8        Options.min_write_buffer_number_to_merge: 1
2025/07/21-12:22:37.880349 11a8     Options.max_write_buffer_number_to_maintain: 0
2025/07/21-12:22:37.880355 11a8     Options.max_write_buffer_size_to_maintain: 0
2025/07/21-12:22:37.880360 11a8            Options.bottommost_compression_opts.window_bits: -14
2025/07/21-12:22:37.880365 11a8                  Options.bottommost_compression_opts.level: 32767
2025/07/21-12:22:37.880370 11a8               Options.bottommost_compression_opts.strategy: 0
2025/07/21-12:22:37.880375 11a8         Options.bottommost_compression_opts.max_dict_bytes: 0
2025/07/21-12:22:37.880380 11a8         Options.bottommost_compression_opts.zstd_max_train_bytes: 0
2025/07/21-12:22:37.880386 11a8         Options.bottommost_compression_opts.parallel_threads: 1
2025/07/21-12:22:37.880391 11a8                  Options.bottommost_compression_opts.enabled: false
2025/07/21-12:22:37.880396 11a8         Options.bottommost_compression_opts.max_dict_buffer_bytes: 0
2025/07/21-12:22:37.880401 11a8         Options.bottommost_compression_opts.use_zstd_dict_trainer: true
2025/07/21-12:22:37.880407 11a8            Options.compression_opts.window_bits: -14
2025/07/21-12:22:37.880412 11a8                  Options.compression_opts.level: 32767
2025/07/21-12:22:37.880417 11a8               Options.compression_opts.strategy: 0
2025/07/21-12:22:37.880422 11a8         Options.compression_opts.max_dict_bytes: 0
2025/07/21-12:22:37.880427 11a8         Options.compression_opts.zstd_max_train_bytes: 0
2025/07/21-12:22:37.880432 11a8         Options.compression_opts.use_zstd_dict_trainer: true
2025/07/21-12:22:37.880437 11a8         Options.compression_opts.parallel_threads: 1
2025/07/21-12:22:37.880442 11a8                  Options.compression_opts.enabled: false
2025/07/21-12:22:37.880447 11a8         Options.compression_opts.max_dict_buffer_bytes: 0
2025/07/21-12:22:37.880452 11a8      Options.level0_file_num_compaction_trigger: 4
2025/07/21-12:22:37.880458 11a8          Options.level0_slowdown_writes_trigger: 20
2025/07/21-12:22:37.880463 11a8              Options.level0_stop_writes_trigger: 36
2025/07/21-12:22:37.880468 11a8                   Options.target_file_size_base: 67108864
2025/07/21-12:22:37.880473 11a8             Options.target_file_size_multiplier: 1
2025/07/21-12:22:37.880478 11a8                Options.max_bytes_for_level_base: 268435456
2025/07/21-12:22:37.880483 11a8 Options.level_compaction_dynamic_level_bytes: 0
2025/07/21-12:22:37.880488 11a8          Options.max_bytes_for_level_multiplier: 10.000000
2025/07/21-12:22:37.880494 11a8 Options.max_bytes_for_level_multiplier_addtl[0]: 1
2025/07/21-12:22:37.880499 11a8 Options.max_bytes_for_level_multiplier_addtl[1]: 1
2025/07/21-12:22:37.880504 11a8 Options.max_bytes_for_level_multiplier_addtl[2]: 1
2025/07/21-12:22:37.880509 11a8 Options.max_bytes_for_level_multiplier_addtl[3]: 1
2025/07/21-12:22:37.880514 11a8 Options.max_bytes_for_level_multiplier_addtl[4]: 1
2025/07/21-12:22:37.880519 11a8 Options.max_bytes_for_level_multiplier_addtl[5]: 1
2025/07/21-12:22:37.880524 11a8 Options.max_bytes_for_level_multiplier_addtl[6]: 1
2025/07/21-12:22:37.880537 11a8       Options.max_sequential_skip_in_iterations: 8
2025/07/21-12:22:37.880543 11a8                    Options.max_compaction_bytes: 1677721600
2025/07/21-12:22:37.880548 11a8   Options.ignore_max_compaction_bytes_for_input: true
2025/07/21-12:22:37.880553 11a8                        Options.arena_block_size: 1048576
2025/07/21-12:22:37.880559 11a8   Options.soft_pending_compaction_bytes_limit: 68719476736
2025/07/21-12:22:37.880564 11a8   Options.hard_pending_compaction_bytes_limit: 274877906944
2025/07/21-12:22:37.880569 11a8                Options.disable_auto_compactions: 0
2025/07/21-12:22:37.880574 11a8                        Options.compaction_style: kCompactionStyleLevel
2025/07/21-12:22:37.880580 11a8                          Options.compaction_pri: kMinOverlappingRatio
2025/07/21-12:22:37.880585 11a8 Options.compaction_options_universal.size_ratio: 1
2025/07/21-12:22:37.880590 11a8 Options.compaction_options_universal.min_merge_width: 2
2025/07/21-12:22:37.880596 11a8 Options.compaction_options_universal.max_merge_width: 4294967295
2025/07/21-12:22:37.880601 11a8 Options.compaction_options_universal.max_size_amplification_percent: 200
2025/07/21-12:22:37.880607 11a8 Options.compaction_options_universal.compression_size_percent: -1
2025/07/21-12:22:37.880612 11a8 Options.compaction_options_universal.stop_style: kCompactionStopStyleTotalSize
2025/07/21-12:22:37.880617 11a8 Options.compaction_options_fifo.max_table_files_size: 1073741824
2025/07/21-12:22:37.880622 11a8 Options.compaction_options_fifo.allow_compaction: 0
2025/07/21-12:22:37.880628 11a8                   Options.table_properties_collectors: 
2025/07/21-12:22:37.880633 11a8                   Options.inplace_update_support: 0
2025/07/21-12:22:37.880638 11a8                 Options.inplace_update_num_locks: 10000
2025/07/21-12:22:37.880643 11a8               Options.memtable_prefix_bloom_size_ratio: 0.000000
2025/07/21-12:22:37.880649 11a8               Options.memtable_whole_key_filtering: 0
2025/07/21-12:22:37.880654 11a8   Options.memtable_huge_page_size: 0
2025/07/21-12:22:37.880659 11a8                           Options.bloom_locality: 0
2025/07/21-12:22:37.880664 11a8                    Options.max_successive_merges: 0
2025/07/21-12:22:37.880669 11a8                Options.optimize_filters_for_hits: 0
2025/07/21-12:22:37.880674 11a8                Options.paranoid_file_checks: 0
2025/07/21-12:22:37.880679 11a8                Options.force_consistency_checks: 1
2025/07/21-12:22:37.880684 11a8                Options.report_bg_io_stats: 0
2025/07/21-12:22:37.880689 11a8                               Options.ttl: 2592000
2025/07/21-12:22:37.880695 11a8          Options.periodic_compaction_seconds: 0
2025/07/21-12:22:37.880700 11a8  Options.preclude_last_level_data_seconds: 0
2025/07/21-12:22:37.880705 11a8    Options.preserve_internal_time_seconds: 0
2025/07/21-12:22:37.880710 11a8                       Options.enable_blob_files: false
2025/07/21-12:22:37.880715 11a8                           Options.min_blob_size: 0
2025/07/21-12:22:37.880720 11a8                          Options.blob_file_size: 268435456
2025/07/21-12:22:37.880725 11a8                   Options.blob_compression_type: NoCompression
2025/07/21-12:22:37.880731 11a8          Options.enable_blob_garbage_collection: false
2025/07/21-12:22:37.880736 11a8      Options.blob_garbage_collection_age_cutoff: 0.250000
2025/07/21-12:22:37.880741 11a8 Options.blob_garbage_collection_force_threshold: 1.000000
2025/07/21-12:22:37.880746 11a8          Options.blob_compaction_readahead_size: 0
2025/07/21-12:22:37.880751 11a8                Options.blob_file_starting_level: 0
2025/07/21-12:22:37.880757 11a8 Options.experimental_mempurge_threshold: 0.000000
2025/07/21-12:22:37.880786 11a8               Options.comparator: leveldb.BytewiseComparator
2025/07/21-12:22:37.880792 11a8           Options.merge_operator: None
2025/07/21-12:22:37.880797 11a8        Options.compaction_filter: None
2025/07/21-12:22:37.880803 11a8        Options.compaction_filter_factory: None
2025/07/21-12:22:37.880808 11a8  Options.sst_partitioner_factory: None
2025/07/21-12:22:37.880813 11a8         Options.memtable_factory: SkipListFactory
2025/07/21-12:22:37.880818 11a8            Options.table_factory: BlockBasedTable
2025/07/21-12:22:37.880835 11a8            table_factory options:   flush_block_policy_factory: FlushBlockBySizePolicyFactory (0000022E57BB8B70)
  cache_index_and_filter_blocks: 0
  cache_index_and_filter_blocks_with_high_priority: 1
  pin_l0_filter_and_index_blocks_in_cache: 0
  pin_top_level_index_and_filter: 1
  index_type: 0
  data_block_index_type: 0
  index_shortening: 1
  data_block_hash_table_util_ratio: 0.750000
  checksum: 4
  no_block_cache: 0
  block_cache: 0000022E578F4CA0
  block_cache_name: LRUCache
  block_cache_options:
    capacity : 8388608
    num_shard_bits : 4
    strict_capacity_limit : 0
    memory_allocator : None
    high_pri_pool_ratio: 0.000
    low_pri_pool_ratio: 0.000
  block_cache_compressed: 0000000000000000
  persistent_cache: 0000000000000000
  block_size: 4096
  block_size_deviation: 10
  block_restart_interval: 16
  index_block_restart_interval: 1
  metadata_block_size: 4096
  partition_filters: 0
  use_delta_encoding: 1
  filter_policy: nullptr
  whole_key_filtering: 1
  verify_compression: 0
  read_amp_bytes_per_bit: 0
  format_version: 5
  enable_index_compression: 1
  block_align: 0
  max_auto_readahead_size: 262144
  prepopulate_block_cache: 0
  initial_auto_readahead_size: 8192
  num_file_reads_for_auto_readahead: 2
2025/07/21-12:22:37.880842 11a8        Options.write_buffer_size: 67108864
2025/07/21-12:22:37.880847 11a8  Options.max_write_buffer_number: 2
2025/07/21-12:22:37.880853 11a8          Options.compression: Snappy
2025/07/21-12:22:37.880858 11a8                  Options.bottommost_compression: Disabled
2025/07/21-12:22:37.880863 11a8       Options.prefix_extractor: nullptr
2025/07/21-12:22:37.880868 11a8   Options.memtable_insert_with_hint_prefix_extractor: nullptr
2025/07/21-12:22:37.880874 11a8             Options.num_levels: 7
2025/07/21-12:22:37.880879 11a8        Options.min_write_buffer_number_to_merge: 1
2025/07/21-12:22:37.880884 11a8     Options.max_write_buffer_number_to_maintain: 0
2025/07/21-12:22:37.880889 11a8     Options.max_write_buffer_size_to_maintain: 0
2025/07/21-12:22:37.880894 11a8            Options.bottommost_compression_opts.window_bits: -14
2025/07/21-12:22:37.880900 11a8                  Options.bottommost_compression_opts.level: 32767
2025/07/21-12:22:37.880905 11a8               Options.bottommost_compression_opts.strategy: 0
2025/07/21-12:22:37.880910 11a8         Options.bottommost_compression_opts.max_dict_bytes: 0
2025/07/21-12:22:37.880916 11a8         Options.bottommost_compression_opts.zstd_max_train_bytes: 0
2025/07/21-12:22:37.880921 11a8         Options.bottommost_compression_opts.parallel_threads: 1
2025/07/21-12:22:37.880932 11a8                  Options.bottommost_compression_opts.enabled: false
2025/07/21-12:22:37.880938 11a8         Options.bottommost_compression_opts.max_dict_buffer_bytes: 0
2025/07/21-12:22:37.880944 11a8         Options.bottommost_compression_opts.use_zstd_dict_trainer: true
2025/07/21-12:22:37.880949 11a8            Options.compression_opts.window_bits: -14
2025/07/21-12:22:37.880954 11a8                  Options.compression_opts.level: 32767
2025/07/21-12:22:37.880959 11a8               Options.compression_opts.strategy: 0
2025/07/21-12:22:37.880964 11a8         Options.compression_opts.max_dict_bytes: 0
2025/07/21-12:22:37.880970 11a8         Options.compression_opts.zstd_max_train_bytes: 0
2025/07/21-12:22:37.880975 11a8         Options.compression_opts.use_zstd_dict_trainer: true
2025/07/21-12:22:37.880980 11a8         Options.compression_opts.parallel_threads: 1
2025/07/21-12:22:37.880985 11a8                  Options.compression_opts.enabled: false
2025/07/21-12:22:37.880990 11a8         Options.compression_opts.max_dict_buffer_bytes: 0
2025/07/21-12:22:37.880995 11a8      Options.level0_file_num_compaction_trigger: 4
2025/07/21-12:22:37.881000 11a8          Options.level0_slowdown_writes_trigger: 20
2025/07/21-12:22:37.881005 11a8              Options.level0_stop_writes_trigger: 36
2025/07/21-12:22:37.881011 11a8                   Options.target_file_size_base: 67108864
2025/07/21-12:22:37.881016 11a8             Options.target_file_size_multiplier: 1
2025/07/21-12:22:37.881021 11a8                Options.max_bytes_for_level_base: 268435456
2025/07/21-12:22:37.881026 11a8 Options.level_compaction_dynamic_level_bytes: 0
2025/07/21-12:22:37.881031 11a8          Options.max_bytes_for_level_multiplier: 10.000000
2025/07/21-12:22:37.881037 11a8 Options.max_bytes_for_level_multiplier_addtl[0]: 1
2025/07/21-12:22:37.881042 11a8 Options.max_bytes_for_level_multiplier_addtl[1]: 1
2025/07/21-12:22:37.881047 11a8 Options.max_bytes_for_level_multiplier_addtl[2]: 1
2025/07/21-12:22:37.881052 11a8 Options.max_bytes_for_level_multiplier_addtl[3]: 1
2025/07/21-12:22:37.881057 11a8 Options.max_bytes_for_level_multiplier_addtl[4]: 1
2025/07/21-12:22:37.881062 11a8 Options.max_bytes_for_level_multiplier_addtl[5]: 1
2025/07/21-12:22:37.881082 11a8 Options.max_bytes_for_level_multiplier_addtl[6]: 1
2025/07/21-12:22:37.881109 11a8       Options.max_sequential_skip_in_iterations: 8
2025/07/21-12:22:37.881115 11a8                    Options.max_compaction_bytes: 1677721600
2025/07/21-12:22:37.881120 11a8   Options.ignore_max_compaction_bytes_for_input: true
2025/07/21-12:22:37.881125 11a8                        Options.arena_block_size: 1048576
2025/07/21-12:22:37.881130 11a8   Options.soft_pending_compaction_bytes_limit: 68719476736
2025/07/21-12:22:37.881135 11a8   Options.hard_pending_compaction_bytes_limit: 274877906944
2025/07/21-12:22:37.881140 11a8                Options.disable_auto_compactions: 0
2025/07/21-12:22:37.881146 11a8                        Options.compaction_style: kCompactionStyleLevel
2025/07/21-12:22:37.881151 11a8                          Options.compaction_pri: kMinOverlappingRatio
2025/07/21-12:22:37.881156 11a8 Options.compaction_options_universal.size_ratio: 1
2025/07/21-12:22:37.881161 11a8 Options.compaction_options_universal.min_merge_width: 2
2025/07/21-12:22:37.881166 11a8 Options.compaction_options_universal.max_merge_width: 4294967295
2025/07/21-12:22:37.881172 11a8 Options.compaction_options_universal.max_size_amplification_percent: 200
2025/07/21-12:22:37.881177 11a8 Options.compaction_options_universal.compression_size_percent: -1
2025/07/21-12:22:37.881182 11a8 Options.compaction_options_universal.stop_style: kCompactionStopStyleTotalSize
2025/07/21-12:22:37.881187 11a8 Options.compaction_options_fifo.max_table_files_size: 1073741824
2025/07/21-12:22:37.881193 11a8 Options.compaction_options_fifo.allow_compaction: 0
2025/07/21-12:22:37.881198 11a8                   Options.table_properties_collectors: 
2025/07/21-12:22:37.881203 11a8                   Options.inplace_update_support: 0
2025/07/21-12:22:37.881208 11a8                 Options.inplace_update_num_locks: 10000
2025/07/21-12:22:37.881213 11a8               Options.memtable_prefix_bloom_size_ratio: 0.000000
2025/07/21-12:22:37.881219 11a8               Options.memtable_whole_key_filtering: 0
2025/07/21-12:22:37.881224 11a8   Options.memtable_huge_page_size: 0
2025/07/21-12:22:37.881229 11a8                           Options.bloom_locality: 0
2025/07/21-12:22:37.881234 11a8                    Options.max_successive_merges: 0
2025/07/21-12:22:37.881239 11a8                Options.optimize_filters_for_hits: 0
2025/07/21-12:22:37.881244 11a8                Options.paranoid_file_checks: 0
2025/07/21-12:22:37.881249 11a8                Options.force_consistency_checks: 1
2025/07/21-12:22:37.881254 11a8                Options.report_bg_io_stats: 0
2025/07/21-12:22:37.881259 11a8                               Options.ttl: 2592000
2025/07/21-12:22:37.881265 11a8          Options.periodic_compaction_seconds: 0
2025/07/21-12:22:37.881270 11a8  Options.preclude_last_level_data_seconds: 0
2025/07/21-12:22:37.881275 11a8    Options.preserve_internal_time_seconds: 0
2025/07/21-12:22:37.881280 11a8                       Options.enable_blob_files: false
2025/07/21-12:22:37.881285 11a8                           Options.min_blob_size: 0
2025/07/21-12:22:37.881290 11a8                          Options.blob_file_size: 268435456
2025/07/21-12:22:37.881295 11a8                   Options.blob_compression_type: NoCompression
2025/07/21-12:22:37.881300 11a8          Options.enable_blob_garbage_collection: false
2025/07/21-12:22:37.881306 11a8      Options.blob_garbage_collection_age_cutoff: 0.250000
2025/07/21-12:22:37.881311 11a8 Options.blob_garbage_collection_force_threshold: 1.000000
2025/07/21-12:22:37.881316 11a8          Options.blob_compaction_readahead_size: 0
2025/07/21-12:22:37.881321 11a8                Options.blob_file_starting_level: 0
2025/07/21-12:22:37.881327 11a8 Options.experimental_mempurge_threshold: 0.000000
2025/07/21-12:22:37.881359 11a8               Options.comparator: leveldb.BytewiseComparator
2025/07/21-12:22:37.881365 11a8           Options.merge_operator: None
2025/07/21-12:22:37.881370 11a8        Options.compaction_filter: None
2025/07/21-12:22:37.881375 11a8        Options.compaction_filter_factory: None
2025/07/21-12:22:37.881396 11a8  Options.sst_partitioner_factory: None
2025/07/21-12:22:37.881401 11a8         Options.memtable_factory: SkipListFactory
2025/07/21-12:22:37.881406 11a8            Options.table_factory: BlockBasedTable
2025/07/21-12:22:37.881427 11a8            table_factory options:   flush_block_policy_factory: FlushBlockBySizePolicyFactory (0000022E57BB3C30)
  cache_index_and_filter_blocks: 0
  cache_index_and_filter_blocks_with_high_priority: 1
  pin_l0_filter_and_index_blocks_in_cache: 0
  pin_top_level_index_and_filter: 1
  index_type: 0
  data_block_index_type: 0
  index_shortening: 1
  data_block_hash_table_util_ratio: 0.750000
  checksum: 4
  no_block_cache: 0
  block_cache: 0000022E578F43A0
  block_cache_name: LRUCache
  block_cache_options:
    capacity : 8388608
    num_shard_bits : 4
    strict_capacity_limit : 0
    memory_allocator : None
    high_pri_pool_ratio: 0.000
    low_pri_pool_ratio: 0.000
  block_cache_compressed: 0000000000000000
  persistent_cache: 0000000000000000
  block_size: 4096
  block_size_deviation: 10
  block_restart_interval: 16
  index_block_restart_interval: 1
  metadata_block_size: 4096
  partition_filters: 0
  use_delta_encoding: 1
  filter_policy: nullptr
  whole_key_filtering: 1
  verify_compression: 0
  read_amp_bytes_per_bit: 0
  format_version: 5
  enable_index_compression: 1
  block_align: 0
  max_auto_readahead_size: 262144
  prepopulate_block_cache: 0
  initial_auto_readahead_size: 8192
  num_file_reads_for_auto_readahead: 2
2025/07/21-12:22:37.881433 11a8        Options.write_buffer_size: 67108864
2025/07/21-12:22:37.881438 11a8  Options.max_write_buffer_number: 2
2025/07/21-12:22:37.881443 11a8          Options.compression: Snappy
2025/07/21-12:22:37.881448 11a8                  Options.bottommost_compression: Disabled
2025/07/21-12:22:37.881453 11a8       Options.prefix_extractor: nullptr
2025/07/21-12:22:37.881459 11a8   Options.memtable_insert_with_hint_prefix_extractor: nullptr
2025/07/21-12:22:37.881464 11a8             Options.num_levels: 7
2025/07/21-12:22:37.881469 11a8        Options.min_write_buffer_number_to_merge: 1
2025/07/21-12:22:37.881474 11a8     Options.max_write_buffer_number_to_maintain: 0
2025/07/21-12:22:37.881479 11a8     Options.max_write_buffer_size_to_maintain: 0
2025/07/21-12:22:37.881484 11a8            Options.bottommost_compression_opts.window_bits: -14
2025/07/21-12:22:37.881489 11a8                  Options.bottommost_compression_opts.level: 32767
2025/07/21-12:22:37.881494 11a8               Options.bottommost_compression_opts.strategy: 0
2025/07/21-12:22:37.881499 11a8         Options.bottommost_compression_opts.max_dict_bytes: 0
2025/07/21-12:22:37.881505 11a8         Options.bottommost_compression_opts.zstd_max_train_bytes: 0
2025/07/21-12:22:37.881510 11a8         Options.bottommost_compression_opts.parallel_threads: 1
2025/07/21-12:22:37.881515 11a8                  Options.bottommost_compression_opts.enabled: false
